1,
1,3
3
1,4
1,3,12,5
1,4,6
4,1
1,3,7
1,4,6,13,8
1,3,7,9
1,4,6,13,10
13,10
1,4,11
1,3,12
3,12
1,3,12,13
1,3,7,9,14
1,3,12,13,15
1,4,6,16
4,6,16
1,4,11,18,17
1,4,11,18
1,4,11,19
4,11,19
1,4,11,20
1,3,12,13,21
21
1,4,6,22
22
1,3,12,5,23
2,12,3
2,6,4
2,6,5
2,6
2,12,3,7
2,6,13,8
2,6,22,18,9
9
2,6,13,10
2,12,11
2,12
2,6,13
2,6,22,18,17,14
14
2,6,13,15
2,6,16
16
2,6,22,18,17
2,6,22,18
2,12,11,19
2,12,11,20
2,6,13,21
21
2,6,22
2,6,5,23
3,1,4
4
3,12,5
12,5
3,1,4,6
4,6
3,7
3,12,13,8
13,8
3,7,9
3,12,13,10
13,10
3,12,11
12,11
3,12
12
3,12,13
12,13
3,7,9,14
9,14
3,12,13,15
3,1,4,6,16
16
3,12,11,18,17
12,11,18,17
3,12,11,18
12,11,18
3,12,11,19
11,19
3,12,11,20
12,11,20
3,12,13,21
12,13,21
3,1,4,6,22
4,6,22
3,12,5,23
12,5,23
4,6,5
5
4,6
4,1,3,7
4,6,13,8
4,11,18,9
11,18,9
4,6,13,10
10,13,6,4
4,11
11
4,11,12
11,12
4,6,13
4,11,18,17,14
18,17,14
4,6,13,15
4,6,16
16
4,11,18,17
11,18,17
4,11,18
11,18
4,11,19
4,11,20
11,20
4,6,13,21
21
4,6,22
4,6,5,23
5,6
5,12,3,7
5,8
5,6,22,18,9
9
5,8,10
5,12,11
5,12
5,8,13
5,6,22,18,17,14
17,14
5,8,13,15
5,6,16
16
5,6,22,18,17
5,6,22,18
22,18
5,23,20,19
5,23,20
20
5,8,13,21
5,6,22
22,6,5
5,23
6,13,12,3,7
6,13,8
13,8
6,22,18,9
6,13,10
13,10
6,4,11
6,13,12
13,12
6,13
6,22,18,17,14
6,13,15
6,16
16
6,22,18,17
22,18,17
6,22,18
18,22,6
6,4,11,19
6,13,15,20
13,15,20
6,13,21
21
6,22
22
6,5,23
5,23
7,3,12,13,8
12,13,8
7,9
9
7,3,12,13,10
7,3,12,11
12,11
7,3,12
7,3,12,13
7,9,14
7,3,12,13,15
12,13,15
7,3,1,4,6,16
4,6,16
7,9,14,17
9,14,17
7,9,18
18
7,3,12,11,19
11,19
7,9,18,21,20
9,18,21,20
7,9,18,21
7,9,18,22
18,22
7,3,12,5,23
5,23
8,13,21,18,9
21,18,9
8,10
8,13,12,11
12,11
8,13,12
12
8,13
8,13,21,18,17,14
8,13,15
8,13,6,16
8,13,21,18,17
21,18,17
