# from, to, capacity, weight
1, 3, 876543210000, 1
1, 4, 876543210000, 1
2, 6, 876543210000, 1
2, 12, 876543210000, 1
3, 1, 876543210000, 1
3, 7, 876543210000, 1
3, 12, 876543210000, 1
4, 1, 876543210000, 1
4, 6, 876543210000, 1
4, 11, 876543210000, 1
5, 6, 876543210000, 1
5, 8, 876543210000, 1
5, 12, 876543210000, 1
5, 23, 876543210000, 1
6, 2, 876543210000, 1
6, 4, 876543210000, 1
6, 5, 876543210000, 1
6, 13, 876543210000, 1
6, 16, 876543210000, 1
6, 22, 876543210000, 1
7, 3, 876543210000, 1
7, 9, 876543210000, 1
8, 5, 876543210000, 1
8, 10, 876543210000, 1
8, 13, 876543210000, 1
9, 7, 876543210000, 1
9, 14, 876543210000, 1
9, 18, 876543210000, 1
10, 8, 876543210000, 1
10, 13, 876543210000, 1
11, 4, 876543210000, 1
11, 12, 876543210000, 1
11, 18, 876543210000, 1
11, 19, 876543210000, 1
11, 20, 876543210000, 1
12, 2, 876543210000, 1
12, 3, 876543210000, 1
12, 5, 876543210000, 1
12, 11, 876543210000, 1
12, 13, 876543210000, 1
13, 6, 876543210000, 1
13, 8, 876543210000, 1
13, 10, 876543210000, 1
13, 12, 876543210000, 1
13, 15, 876543210000, 1
13, 21, 876543210000, 1
14, 9, 876543210000, 1
14, 17, 876543210000, 1
15, 13, 876543210000, 1
15, 16, 876543210000, 1
15, 20, 876543210000, 1
16, 6, 876543210000, 1
16, 15, 876543210000, 1
17, 14, 876543210000, 1
17, 18, 876543210000, 1
18, 9, 876543210000, 1
18, 11, 876543210000, 1
18, 17, 876543210000, 1
18, 21, 876543210000, 1
18, 22, 876543210000, 1
19, 11, 876543210000, 1
19, 20, 876543210000, 1
20, 11, 876543210000, 1
20, 15, 876543210000, 1
20, 19, 876543210000, 1
20, 21, 876543210000, 1
20, 23, 876543210000, 1
21, 13, 876543210000, 1
21, 18, 876543210000, 1
21, 20, 876543210000, 1
22, 6, 876543210000, 1
22, 18, 876543210000, 1
23, 5, 876543210000, 1
23, 20, 876543210000, 1
