# Generated by my TrafficGenerator !
#Src,   Dst, Rate, ArriveAt, Duration
1,		18,		5,		0,		1
22,		10,		3,		0,		1
8,		19,		2,		0,		1
20,		9,		4,		0,		1
11,		0,		1,		0,		1
14,		1,		2,		0,		1
19,		13,		3,		0,		1
18,		4,		5,		0,		1
17,		4,		5,		0,		1
1,		15,		1,		0,		1
11,		4,		5,		0,		1
1,		14,		4,		0,		1
13,		6,		2,		0,		1
14,		21,		2,		0,		1
6,		12,		3,		0,		1
19,		14,		4,		0,		1
10,		22,		1,		0,		1
2,		13,		3,		0,		1
3,		22,		5,		0,		1
14,		12,		4,		0,		1
17,		12,		3,		0,		1
14,		8,		2,		0,		1
8,		21,		1,		0,		1
18,		0,		2,		0,		1
13,		17,		1,		0,		1
17,		19,		4,		0,		1
11,		21,		2,		0,		1
9,		1,		2,		0,		1
16,		14,		4,		0,		1
6,		14,		4,		0,		1
17,		8,		4,		0,		1
8,		22,		1,		0,		1
4,		12,		3,		0,		1
5,		0,		4,		0,		1
2,		0,		2,		0,		1
14,		5,		2,		0,		1
12,		15,		5,		0,		1
15,		4,		2,		0,		1
3,		8,		1,		0,		1
4,		21,		4,		0,		1
0,		13,		1,		0,		1
13,		6,		3,		0,		1
3,		15,		3,		0,		1
10,		0,		4,		0,		1
1,		3,		4,		0,		1
0,		6,		2,		0,		1
3,		14,		3,		0,		1
2,		0,		4,		0,		1
0,		14,		4,		0,		1
14,		2,		4,		0,		1
18,		21,		5,		0,		1
16,		0,		5,		0,		1
4,		15,		4,		0,		1
18,		16,		1,		0,		1
9,		4,		2,		0,		1
14,		0,		2,		0,		1
13,		22,		4,		0,		1
10,		12,		5,		0,		1
19,		4,		1,		0,		1
22,		2,		2,		0,		1
20,		12,		3,		0,		1
4,		13,		1,		0,		1
22,		21,		4,		0,		1
12,		9,		2,		0,		1
0,		15,		2,		0,		1
19,		16,		1,		0,		1
19,		7,		4,		0,		1
15,		20,		2,		0,		1
8,		15,		5,		0,		1
8,		22,		5,		0,		1
7,		22,		2,		0,		1
11,		22,		3,		0,		1
16,		22,		5,		0,		1
8,		11,		2,		0,		1
21,		0,		1,		0,		1
7,		21,		2,		0,		1
8,		7,		1,		0,		1
11,		1,		4,		0,		1
3,		12,		4,		0,		1
4,		22,		5,		0,		1
21,		22,		1,		0,		1
19,		22,		3,		0,		1
10,		16,		2,		0,		1
15,		18,		3,		0,		1
19,		21,		3,		0,		1
3,		21,		3,		0,		1
15,		17,		3,		0,		1
16,		6,		3,		0,		1
9,		13,		1,		0,		1
13,		0,		2,		0,		1
17,		1,		3,		0,		1
16,		8,		5,		0,		1
18,		9,		2,		0,		1
13,		17,		3,		0,		1
15,		14,		1,		0,		1
7,		1,		5,		0,		1
20,		17,		4,		0,		1
20,		19,		5,		0,		1
5,		0,		2,		0,		1
2,		3,		2,		0,		1
5,		17,		3,		0,		1
2,		20,		5,		0,		1
8,		6,		3,		0,		1
19,		9,		3,		0,		1
3,		13,		4,		0,		1
14,		1,		4,		0,		1
0,		12,		1,		0,		1
8,		17,		2,		0,		1
6,		11,		1,		0,		1
4,		21,		5,		0,		1
16,		5,		1,		0,		1
2,		1,		5,		0,		1
1,		0,		3,		0,		1
21,		11,		1,		0,		1
1,		2,		5,		0,		1
7,		19,		4,		0,		1
8,		22,		1,		0,		1
4,		17,		2,		0,		1
20,		18,		2,		0,		1
10,		22,		1,		0,		1
5,		7,		1,		0,		1
12,		20,		5,		0,		1
1,		0,		2,		0,		1
17,		14,		2,		0,		1
1,		9,		1,		0,		1
18,		0,		2,		0,		1
2,		17,		2,		0,		1
13,		14,		3,		0,		1
14,		21,		2,		0,		1
18,		19,		4,		0,		1
17,		16,		2,		0,		1
3,		9,		2,		0,		1
9,		5,		4,		0,		1
21,		4,		3,		0,		1
3,		4,		5,		0,		1
0,		8,		2,		0,		1
17,		7,		5,		0,		1
13,		6,		3,		0,		1
0,		9,		2,		0,		1
11,		14,		3,		0,		1
4,		12,		3,		0,		1
13,		0,		2,		0,		1
13,		11,		4,		0,		1
8,		13,		1,		0,		1
12,		20,		3,		0,		1
3,		22,		1,		0,		1
11,		19,		2,		0,		1
15,		5,		5,		0,		1
13,		5,		3,		0,		1
11,		19,		5,		0,		1
13,		1,		3,		0,		1
11,		6,		2,		0,		1
20,		8,		1,		0,		1
3,		2,		5,		0,		1
8,		2,		2,		0,		1
10,		14,		4,		0,		1
21,		19,		3,		0,		1
13,		21,		1,		0,		1
6,		2,		3,		0,		1
13,		1,		5,		0,		1
18,		11,		5,		0,		1
15,		22,		3,		0,		1
22,		11,		4,		0,		1
0,		16,		3,		0,		1
2,		19,		3,		0,		1
14,		8,		1,		0,		1
0,		12,		1,		0,		1
6,		9,		1,		0,		1
15,		14,		5,		0,		1
8,		18,		1,		0,		1
11,		14,		1,		0,		1
22,		9,		3,		0,		1
7,		21,		1,		0,		1
8,		19,		2,		0,		1
16,		0,		5,		0,		1
3,		21,		3,		0,		1
18,		22,		5,		0,		1
22,		20,		4,		0,		1
13,		12,		4,		0,		1
8,		21,		3,		0,		1
15,		2,		3,		0,		1
20,		22,		3,		0,		1
16,		12,		1,		0,		1
1,		21,		5,		0,		1
13,		17,		5,		0,		1
2,		15,		1,		0,		1
7,		0,		4,		0,		1
3,		19,		4,		0,		1
6,		7,		3,		0,		1
16,		11,		1,		0,		1
7,		9,		5,		0,		1
18,		22,		5,		0,		1
4,		0,		4,		0,		1
17,		15,		4,		0,		1
6,		16,		3,		0,		1
15,		19,		1,		0,		1
14,		10,		1,		0,		1
6,		18,		4,		0,		1
14,		20,		2,		0,		1
22,		20,		4,		0,		1
0,		12,		5,		0,		1
10,		5,		1,		0,		1
1,		6,		5,		0,		1
22,		8,		5,		0,		1
15,		7,		3,		0,		1
13,		20,		2,		0,		1
15,		4,		2,		0,		1
10,		0,		5,		0,		1
3,		6,		3,		0,		1
7,		3,		5,		0,		1
14,		8,		3,		0,		1
2,		13,		4,		0,		1
1,		11,		3,		0,		1
3,		20,		2,		0,		1
1,		22,		3,		0,		1
20,		17,		1,		0,		1
5,		4,		3,		0,		1
19,		16,		5,		0,		1
11,		21,		5,		0,		1
6,		1,		1,		0,		1
12,		11,		2,		0,		1
5,		6,		5,		0,		1
1,		14,		5,		0,		1
4,		5,		2,		0,		1
17,		22,		4,		0,		1
2,		6,		3,		0,		1
5,		17,		2,		0,		1
21,		7,		5,		0,		1
12,		10,		2,		0,		1
21,		7,		2,		0,		1
21,		7,		3,		0,		1
8,		0,		4,		0,		1
8,		18,		3,		0,		1
15,		10,		2,		0,		1
12,		3,		5,		0,		1
10,		19,		2,		0,		1
4,		1,		4,		0,		1
18,		14,		3,		0,		1
19,		4,		3,		0,		1
9,		21,		1,		0,		1
18,		19,		3,		0,		1
16,		18,		3,		0,		1
14,		4,		5,		0,		1
12,		7,		3,		0,		1
16,		7,		2,		0,		1
7,		6,		1,		0,		1
8,		22,		2,		0,		1
22,		11,		2,		0,		1
17,		0,		4,		0,		1
22,		4,		5,		0,		1
5,		7,		5,		0,		1
17,		20,		4,		0,		1
6,		17,		5,		0,		1
12,		7,		4,		0,		1
16,		15,		3,		0,		1
11,		10,		2,		0,		1
13,		21,		5,		0,		1
18,		16,		2,		0,		1
13,		2,		4,		0,		1
11,		2,		3,		0,		1
10,		8,		1,		0,		1
5,		22,		2,		0,		1
1,		10,		4,		0,		1
22,		21,		5,		0,		1
16,		15,		1,		0,		1
18,		17,		1,		0,		1
22,		18,		3,		0,		1
6,		20,		5,		0,		1
9,		11,		4,		0,		1
2,		8,		5,		0,		1
10,		7,		3,		0,		1
9,		21,		2,		0,		1
22,		9,		4,		0,		1
11,		17,		1,		0,		1
9,		0,		1,		0,		1
12,		6,		5,		0,		1
1,		7,		5,		0,		1
4,		2,		3,		0,		1
6,		9,		2,		0,		1
5,		18,		5,		0,		1
10,		8,		3,		0,		1
3,		21,		2,		0,		1
16,		22,		4,		0,		1
12,		7,		5,		0,		1
14,		19,		1,		0,		1
20,		15,		2,		0,		1
11,		10,		4,		0,		1
6,		12,		3,		0,		1
22,		18,		1,		0,		1
20,		10,		3,		0,		1
19,		10,		3,		0,		1
20,		22,		1,		0,		1
13,		9,		5,		0,		1
4,		3,		2,		0,		1
1,		3,		3,		0,		1
11,		5,		3,		0,		1
15,		14,		5,		0,		1
16,		19,		5,		0,		1
15,		6,		3,		0,		1
8,		2,		4,		0,		1
11,		8,		1,		0,		1
7,		15,		5,		0,		1
14,		6,		1,		0,		1
13,		7,		1,		0,		1
1,		3,		4,		0,		1
2,		5,		4,		0,		1
17,		7,		1,		0,		1
20,		3,		2,		0,		1
16,		14,		2,		0,		1
16,		6,		1,		0,		1
22,		12,		3,		0,		1
19,		3,		4,		0,		1
7,		16,		3,		0,		1
21,		13,		3,		0,		1
22,		5,		3,		0,		1
4,		9,		1,		0,		1
1,		11,		1,		0,		1
5,		13,		3,		0,		1
11,		4,		3,		0,		1
13,		8,		1,		0,		1
5,		17,		5,		0,		1
21,		8,		5,		0,		1
3,		7,		2,		0,		1
0,		8,		1,		0,		1
11,		1,		3,		0,		1
9,		13,		5,		0,		1
22,		0,		5,		0,		1
14,		7,		3,		0,		1
4,		8,		1,		0,		1
7,		22,		5,		0,		1
8,		10,		2,		0,		1
22,		5,		5,		0,		1
11,		2,		4,		0,		1
4,		2,		5,		0,		1
0,		7,		5,		0,		1
0,		14,		3,		0,		1
20,		14,		5,		0,		1
6,		10,		2,		0,		1
15,		17,		2,		0,		1
15,		11,		4,		0,		1
19,		1,		4,		0,		1
7,		0,		5,		0,		1
18,		7,		2,		0,		1
6,		18,		2,		0,		1
20,		19,		3,		0,		1
17,		3,		3,		0,		1
10,		5,		5,		0,		1
2,		11,		5,		0,		1
10,		19,		5,		0,		1
20,		15,		5,		0,		1
17,		4,		5,		0,		1
10,		22,		4,		0,		1
0,		8,		4,		0,		1
9,		21,		3,		0,		1
16,		19,		2,		0,		1
9,		4,		5,		0,		1
3,		19,		4,		0,		1
6,		16,		2,		0,		1
9,		8,		1,		0,		1
18,		16,		3,		0,		1
18,		22,		5,		0,		1
2,		18,		5,		0,		1
3,		15,		4,		0,		1
13,		16,		1,		0,		1
12,		3,		1,		0,		1
4,		2,		3,		0,		1
12,		18,		4,		0,		1
21,		8,		5,		0,		1
19,		5,		3,		0,		1
18,		20,		5,		0,		1
13,		10,		5,		0,		1
3,		6,		2,		0,		1
17,		16,		5,		0,		1
16,		22,		3,		0,		1
6,		0,		1,		0,		1
2,		11,		3,		0,		1
20,		9,		2,		0,		1
20,		8,		2,		0,		1
16,		18,		4,		0,		1
6,		15,		5,		0,		1
6,		11,		1,		0,		1
9,		15,		3,		0,		1
10,		6,		3,		0,		1
21,		13,		4,		0,		1
10,		21,		1,		0,		1
13,		14,		2,		0,		1
1,		10,		5,		0,		1
18,		9,		2,		0,		1
22,		12,		3,		0,		1
17,		9,		4,		0,		1
18,		0,		5,		0,		1
9,		8,		4,		0,		1
13,		6,		3,		0,		1
15,		14,		4,		0,		1
11,		5,		2,		0,		1
9,		12,		4,		0,		1
15,		6,		1,		0,		1
19,		2,		3,		0,		1
8,		19,		1,		0,		1
2,		21,		5,		0,		1
21,		4,		1,		0,		1
20,		19,		2,		0,		1
16,		20,		1,		0,		1
5,		9,		4,		0,		1
17,		7,		4,		0,		1
2,		21,		1,		0,		1
6,		5,		2,		0,		1
3,		11,		4,		0,		1
22,		1,		1,		0,		1
12,		10,		2,		0,		1
17,		3,		2,		0,		1
15,		19,		5,		0,		1
10,		3,		5,		0,		1
13,		2,		4,		0,		1
1,		7,		2,		0,		1
2,		20,		2,		0,		1
19,		3,		5,		0,		1
9,		4,		5,		0,		1
9,		0,		2,		0,		1
19,		15,		5,		0,		1
6,		0,		2,		0,		1
19,		17,		4,		0,		1
10,		9,		1,		0,		1
17,		6,		5,		0,		1
7,		6,		1,		0,		1
5,		20,		1,		0,		1
11,		19,		5,		0,		1
17,		15,		1,		0,		1
7,		4,		1,		0,		1
12,		19,		4,		0,		1
9,		8,		5,		0,		1
2,		3,		5,		0,		1
7,		18,		4,		0,		1
12,		3,		2,		0,		1
16,		19,		1,		0,		1
6,		18,		2,		0,		1
2,		20,		5,		0,		1
12,		10,		4,		0,		1
3,		10,		5,		0,		1
13,		10,		3,		0,		1
2,		16,		2,		0,		1
2,		22,		1,		0,		1
11,		19,		5,		0,		1
14,		15,		4,		0,		1
4,		13,		3,		0,		1
4,		12,		2,		0,		1
5,		10,		2,		0,		1
2,		8,		4,		0,		1
6,		14,		1,		0,		1
13,		2,		3,		0,		1
12,		8,		1,		0,		1
20,		13,		1,		0,		1
3,		14,		1,		0,		1
2,		5,		5,		0,		1
8,		22,		2,		0,		1
20,		17,		5,		0,		1
18,		11,		4,		0,		1
14,		3,		3,		0,		1
14,		0,		4,		0,		1
7,		8,		3,		0,		1
1,		3,		3,		0,		1
7,		10,		3,		0,		1
7,		17,		3,		0,		1
17,		16,		1,		0,		1
18,		1,		1,		0,		1
22,		19,		1,		0,		1
16,		11,		5,		0,		1
10,		19,		1,		0,		1
19,		17,		5,		0,		1
19,		7,		4,		0,		1
14,		13,		5,		0,		1
3,		4,		2,		0,		1
3,		7,		2,		0,		1
6,		21,		2,		0,		1
14,		16,		5,		0,		1
8,		6,		1,		0,		1
19,		1,		3,		0,		1
15,		10,		1,		0,		1
0,		22,		4,		0,		1
20,		18,		4,		0,		1
17,		12,		4,		0,		1
18,		20,		3,		0,		1
15,		3,		4,		0,		1
3,		4,		3,		0,		1
11,		4,		5,		0,		1
14,		10,		3,		0,		1
21,		2,		5,		0,		1
0,		21,		5,		0,		1
19,		2,		1,		0,		1
20,		9,		5,		0,		1
12,		3,		2,		0,		1
17,		9,		4,		0,		1
13,		18,		4,		0,		1
22,		1,		4,		0,		1
16,		6,		1,		0,		1
6,		11,		1,		0,		1
1,		10,		2,		0,		1
3,		12,		5,		0,		1
18,		0,		2,		0,		1
14,		2,		2,		0,		1
2,		22,		4,		0,		1
10,		11,		3,		0,		1
16,		6,		5,		0,		1
22,		21,		3,		0,		1
9,		1,		3,		0,		1
21,		7,		5,		0,		1
18,		20,		4,		0,		1
18,		13,		1,		0,		1
8,		9,		5,		0,		1
14,		13,		1,		0,		1
21,		16,		1,		0,		1
1,		9,		1,		0,		1
3,		21,		1,		0,		1
3,		16,		5,		0,		1
6,		3,		5,		0,		1
17,		4,		2,		0,		1
12,		17,		3,		0,		1
0,		13,		1,		0,		1
19,		6,		2,		0,		1
9,		4,		2,		0,		1
18,		7,		5,		0,		1
5,		21,		4,		0,		1
11,		10,		2,		0,		1
15,		12,		3,		0,		1
22,		15,		1,		0,		1
1,		2,		2,		0,		1
1,		3,		1,		0,		1
4,		10,		5,		0,		1
0,		1,		4,		0,		1
20,		17,		4,		0,		1
7,		9,		3,		0,		1
19,		14,		1,		0,		1
21,		11,		2,		0,		1
20,		6,		4,		0,		1
13,		12,		1,		0,		1
0,		10,		1,		0,		1
2,		5,		5,		0,		1
3,		5,		5,		0,		1
21,		11,		1,		0,		1
6,		3,		1,		0,		1
10,		20,		3,		0,		1
2,		1,		5,		0,		1
7,		22,		1,		0,		1
9,		17,		5,		0,		1
7,		15,		1,		0,		1
19,		18,		3,		0,		1
4,		21,		1,		0,		1
3,		13,		4,		0,		1
1,		20,		4,		0,		1
17,		1,		2,		0,		1
6,		18,		1,		0,		1
6,		22,		3,		0,		1
14,		6,		5,		0,		1
14,		3,		2,		0,		1
14,		7,		5,		0,		1
8,		16,		1,		0,		1
6,		11,		2,		0,		1
18,		13,		4,		0,		1
21,		17,		4,		0,		1
1,		0,		5,		0,		1
14,		15,		3,		0,		1
10,		3,		3,		0,		1
21,		18,		5,		0,		1
19,		17,		2,		0,		1
0,		5,		2,		0,		1
15,		20,		4,		0,		1
18,		0,		4,		0,		1
19,		3,		5,		0,		1
15,		8,		2,		0,		1
10,		1,		2,		0,		1
22,		18,		3,		0,		1
19,		20,		4,		0,		1
0,		12,		5,		0,		1
21,		9,		3,		0,		1
22,		14,		1,		0,		1
10,		13,		4,		0,		1
15,		4,		3,		0,		1
12,		10,		3,		0,		1
3,		14,		2,		0,		1
5,		21,		2,		0,		1
8,		13,		2,		0,		1
14,		7,		5,		0,		1
7,		3,		4,		0,		1
11,		18,		1,		0,		1
20,		19,		2,		0,		1
4,		21,		2,		0,		1
5,		20,		2,		0,		1
21,		0,		2,		0,		1
5,		18,		4,		0,		1
14,		16,		3,		0,		1
19,		13,		2,		0,		1
0,		2,		5,		0,		1
12,		19,		1,		0,		1
0,		3,		5,		0,		1
8,		17,		4,		0,		1
12,		2,		4,		0,		1
3,		20,		3,		0,		1
14,		3,		5,		0,		1
8,		16,		2,		0,		1
0,		1,		5,		0,		1
12,		7,		1,		0,		1
3,		8,		2,		0,		1
5,		11,		3,		0,		1
14,		16,		3,		0,		1
3,		10,		1,		0,		1
15,		21,		3,		0,		1
21,		14,		2,		0,		1
1,		21,		3,		0,		1
17,		3,		2,		0,		1
6,		13,		4,		0,		1
18,		17,		1,		0,		1
15,		19,		5,		0,		1
0,		16,		2,		0,		1
12,		8,		2,		0,		1
7,		20,		2,		0,		1
2,		20,		1,		0,		1
16,		8,		5,		0,		1
16,		21,		3,		0,		1
3,		18,		1,		0,		1
13,		7,		1,		0,		1
14,		19,		2,		0,		1
3,		13,		1,		0,		1
15,		17,		2,		0,		1
9,		3,		1,		0,		1
11,		6,		3,		0,		1
5,		19,		2,		0,		1
18,		15,		5,		0,		1
19,		1,		4,		0,		1
19,		11,		2,		0,		1
9,		4,		2,		0,		1
1,		17,		4,		0,		1
14,		0,		5,		0,		1
6,		2,		3,		0,		1
3,		5,		4,		0,		1
1,		6,		5,		0,		1
0,		13,		1,		0,		1
15,		5,		2,		0,		1
21,		6,		2,		0,		1
16,		14,		4,		0,		1
4,		18,		5,		0,		1
16,		21,		5,		0,		1
17,		0,		5,		0,		1
17,		0,		4,		0,		1
12,		18,		3,		0,		1
4,		10,		3,		0,		1
8,		10,		4,		0,		1
12,		1,		2,		0,		1
17,		14,		2,		0,		1
9,		20,		4,		0,		1
22,		9,		1,		0,		1
13,		18,		2,		0,		1
7,		2,		1,		0,		1
14,		12,		3,		0,		1
12,		17,		3,		0,		1
9,		19,		3,		0,		1
0,		8,		4,		0,		1
9,		12,		4,		0,		1
17,		4,		4,		0,		1
8,		14,		4,		0,		1
17,		12,		4,		0,		1
8,		16,		4,		0,		1
19,		9,		3,		0,		1
17,		3,		5,		0,		1
5,		14,		1,		0,		1
13,		15,		3,		0,		1
4,		12,		3,		0,		1
21,		20,		1,		0,		1
4,		20,		3,		0,		1
2,		9,		4,		0,		1
15,		12,		1,		0,		1
2,		7,		1,		0,		1
15,		4,		1,		0,		1
17,		0,		1,		0,		1
20,		16,		1,		0,		1
1,		5,		4,		0,		1
3,		5,		2,		0,		1
11,		1,		1,		0,		1
3,		16,		3,		0,		1
22,		2,		4,		0,		1
0,		7,		1,		0,		1
7,		17,		2,		0,		1
16,		20,		3,		0,		1
5,		12,		3,		0,		1
11,		7,		4,		0,		1
14,		20,		4,		0,		1
21,		22,		5,		0,		1
4,		3,		3,		0,		1
22,		16,		2,		0,		1
10,		12,		3,		0,		1
15,		4,		1,		0,		1
9,		2,		1,		0,		1
19,		10,		4,		0,		1
7,		2,		3,		0,		1
21,		14,		5,		0,		1
6,		3,		4,		0,		1
3,		12,		4,		0,		1
4,		11,		4,		0,		1
18,		6,		5,		0,		1
1,		6,		1,		0,		1
12,		6,		4,		0,		1
5,		21,		1,		0,		1
3,		6,		1,		0,		1
14,		8,		2,		0,		1
15,		17,		5,		0,		1
1,		17,		3,		0,		1
16,		4,		3,		0,		1
14,		5,		2,		0,		1
21,		15,		3,		0,		1
7,		14,		2,		0,		1
8,		12,		2,		0,		1
5,		21,		1,		0,		1
11,		3,		3,		0,		1
4,		7,		3,		0,		1
13,		9,		2,		0,		1
14,		18,		1,		0,		1
8,		12,		4,		0,		1
16,		5,		3,		0,		1
20,		17,		2,		0,		1
20,		22,		5,		0,		1
3,		2,		2,		0,		1
16,		6,		2,		0,		1
1,		12,		5,		0,		1
3,		22,		2,		0,		1
2,		7,		2,		0,		1
4,		5,		3,		0,		1
18,		21,		3,		0,		1
13,		10,		5,		0,		1
17,		13,		4,		0,		1
6,		1,		2,		0,		1
10,		15,		4,		0,		1
20,		14,		1,		0,		1
1,		6,		2,		0,		1
20,		3,		5,		0,		1
4,		7,		2,		0,		1
5,		21,		2,		0,		1
16,		17,		2,		0,		1
7,		8,		3,		0,		1
22,		2,		2,		0,		1
5,		4,		3,		0,		1
3,		18,		1,		0,		1
2,		5,		3,		0,		1
14,		8,		4,		0,		1
15,		22,		1,		0,		1
21,		6,		1,		0,		1
4,		3,		3,		0,		1
10,		5,		2,		0,		1
7,		20,		5,		0,		1
21,		7,		3,		0,		1
15,		2,		1,		0,		1
0,		16,		5,		0,		1
19,		5,		2,		0,		1
4,		16,		2,		0,		1
17,		15,		4,		0,		1
15,		0,		1,		0,		1
11,		5,		2,		0,		1
14,		10,		2,		0,		1
22,		18,		3,		0,		1
22,		16,		3,		0,		1
14,		3,		2,		0,		1
1,		8,		1,		0,		1
16,		5,		5,		0,		1
13,		6,		1,		0,		1
12,		17,		5,		0,		1
11,		5,		1,		0,		1
14,		11,		3,		0,		1
21,		18,		4,		0,		1
4,		16,		3,		0,		1
14,		2,		2,		0,		1
19,		15,		2,		0,		1
4,		9,		3,		0,		1
9,		1,		1,		0,		1
18,		6,		2,		0,		1
6,		14,		3,		0,		1
9,		18,		1,		0,		1
11,		4,		3,		0,		1
3,		8,		3,		0,		1
3,		22,		2,		0,		1
0,		20,		3,		0,		1
16,		0,		4,		0,		1
2,		9,		2,		0,		1
12,		20,		1,		0,		1
20,		22,		2,		0,		1
8,		10,		1,		0,		1
19,		18,		1,		0,		1
0,		19,		1,		0,		1
20,		17,		3,		0,		1
22,		19,		5,		0,		1
12,		14,		3,		0,		1
16,		6,		1,		0,		1
5,		6,		4,		0,		1
22,		13,		3,		0,		1
12,		18,		5,		0,		1
19,		12,		3,		0,		1
12,		19,		3,		0,		1
11,		14,		1,		0,		1
16,		11,		5,		0,		1
4,		8,		2,		0,		1
12,		18,		2,		0,		1
9,		11,		1,		0,		1
8,		10,		2,		0,		1
5,		3,		1,		0,		1
10,		20,		1,		0,		1
11,		12,		3,		0,		1
14,		16,		3,		0,		1
22,		4,		3,		0,		1
11,		0,		2,		0,		1
6,		16,		5,		0,		1
8,		7,		3,		0,		1
0,		2,		3,		0,		1
14,		21,		4,		0,		1
18,		19,		2,		0,		1
13,		15,		1,		0,		1
11,		12,		3,		0,		1
12,		8,		2,		0,		1
4,		8,		3,		0,		1
17,		20,		5,		0,		1
18,		4,		4,		0,		1
2,		21,		5,		0,		1
0,		6,		2,		0,		1
20,		22,		5,		0,		1
2,		12,		4,		0,		1
2,		0,		1,		0,		1
7,		16,		3,		0,		1
11,		15,		1,		0,		1
15,		6,		2,		0,		1
4,		3,		2,		0,		1
3,		2,		3,		0,		1
17,		20,		1,		0,		1
6,		0,		1,		0,		1
1,		15,		5,		0,		1
18,		9,		4,		0,		1
15,		20,		1,		0,		1
7,		19,		2,		0,		1
17,		18,		2,		0,		1
13,		10,		1,		0,		1
22,		9,		1,		0,		1
17,		14,		3,		0,		1
12,		17,		3,		0,		1
20,		1,		2,		0,		1
9,		16,		2,		0,		1
8,		1,		1,		0,		1
11,		22,		1,		0,		1
18,		3,		3,		0,		1
16,		8,		3,		0,		1
19,		22,		3,		0,		1
12,		0,		4,		0,		1
11,		0,		3,		0,		1
21,		18,		5,		0,		1
1,		14,		2,		0,		1
12,		2,		2,		0,		1
5,		10,		3,		0,		1
2,		19,		5,		0,		1
18,		22,		5,		0,		1
19,		9,		5,		0,		1
22,		13,		2,		0,		1
10,		14,		1,		0,		1
0,		15,		2,		0,		1
0,		9,		4,		0,		1
8,		22,		3,		0,		1
7,		1,		1,		0,		1
13,		18,		1,		0,		1
19,		16,		5,		0,		1
7,		2,		4,		0,		1
9,		19,		5,		0,		1
11,		0,		4,		0,		1
11,		19,		5,		0,		1
16,		6,		1,		0,		1
3,		22,		3,		0,		1
5,		20,		1,		0,		1
19,		15,		2,		0,		1
21,		0,		1,		0,		1
10,		19,		3,		0,		1
3,		0,		2,		0,		1
6,		16,		4,		0,		1
18,		1,		5,		0,		1
20,		19,		4,		0,		1
13,		0,		3,		0,		1
7,		20,		4,		0,		1
12,		10,		5,		0,		1
10,		3,		5,		0,		1
15,		12,		3,		0,		1
16,		8,		5,		0,		1
13,		2,		4,		0,		1
15,		5,		1,		0,		1
2,		7,		2,		0,		1
7,		9,		1,		0,		1
10,		1,		4,		0,		1
2,		12,		2,		0,		1
13,		8,		1,		0,		1
2,		10,		2,		0,		1
21,		22,		2,		0,		1
3,		13,		4,		0,		1
9,		14,		4,		0,		1
17,		5,		1,		0,		1
12,		11,		1,		0,		1
1,		6,		3,		0,		1
18,		16,		4,		0,		1
13,		5,		4,		0,		1
14,		0,		4,		0,		1
8,		10,		2,		0,		1
18,		19,		4,		0,		1
0,		21,		1,		0,		1
2,		17,		5,		0,		1
10,		20,		5,		0,		1
4,		16,		4,		0,		1
7,		0,		1,		0,		1
22,		15,		4,		0,		1
16,		21,		3,		0,		1
19,		17,		5,		0,		1
9,		21,		1,		0,		1
7,		14,		1,		0,		1
14,		8,		4,		0,		1
22,		17,		2,		0,		1
16,		2,		5,		0,		1
20,		14,		5,		0,		1
2,		10,		4,		0,		1
22,		16,		2,		0,		1
13,		21,		4,		0,		1
9,		10,		2,		0,		1
2,		11,		3,		0,		1
22,		10,		2,		0,		1
19,		10,		5,		0,		1
7,		22,		3,		0,		1
2,		18,		4,		0,		1
18,		11,		3,		0,		1
11,		17,		4,		0,		1
17,		5,		5,		0,		1
2,		7,		3,		0,		1
11,		16,		5,		0,		1
1,		7,		2,		0,		1
1,		22,		4,		0,		1
4,		9,		5,		0,		1
7,		10,		2,		0,		1
10,		16,		1,		0,		1
17,		20,		1,		0,		1
8,		17,		5,		0,		1
10,		5,		4,		0,		1
2,		11,		1,		0,		1
13,		15,		3,		0,		1
22,		19,		4,		0,		1
5,		12,		2,		0,		1
12,		11,		3,		0,		1
18,		4,		1,		0,		1
20,		16,		3,		0,		1
20,		22,		3,		0,		1
10,		11,		4,		0,		1
11,		0,		1,		0,		1
15,		1,		3,		0,		1
0,		3,		4,		0,		1
2,		19,		3,		0,		1
4,		11,		2,		0,		1
2,		6,		3,		0,		1
1,		19,		5,		0,		1
11,		16,		4,		0,		1
5,		13,		5,		0,		1
3,		1,		1,		0,		1
0,		3,		5,		0,		1
19,		22,		1,		0,		1
18,		12,		3,		0,		1
5,		7,		4,		0,		1
1,		10,		4,		0,		1
16,		19,		2,		0,		1
2,		21,		5,		0,		1
5,		2,		5,		0,		1
20,		19,		3,		0,		1
13,		6,		5,		0,		1
11,		12,		5,		0,		1
12,		17,		4,		0,		1
7,		0,		3,		0,		1
20,		18,		2,		0,		1
21,		13,		4,		0,		1
19,		6,		4,		0,		1
19,		15,		5,		0,		1
3,		15,		3,		0,		1
5,		6,		5,		0,		1
22,		21,		4,		0,		1
1,		19,		2,		0,		1
10,		8,		2,		0,		1
4,		3,		5,		0,		1
4,		16,		5,		0,		1
17,		14,		3,		0,		1
1,		17,		5,		0,		1
12,		8,		2,		0,		1
8,		10,		1,		0,		1
22,		3,		2,		0,		1
9,		1,		4,		0,		1
2,		0,		3,		0,		1
10,		5,		2,		0,		1
17,		16,		3,		0,		1
4,		1,		4,		0,		1
0,		22,		1,		0,		1
6,		2,		3,		0,		1
9,		7,		2,		0,		1
21,		1,		1,		0,		1
13,		5,		2,		0,		1
3,		18,		5,		0,		1
16,		11,		1,		0,		1
19,		5,		1,		0,		1
14,		6,		2,		0,		1
17,		7,		2,		0,		1
