# from, to, capacity, weight
1, 2, 876543210000, 1
1, 4, 876543210000, 1
2, 1, 876543210000, 1
2, 3, 876543210000, 1
2, 5, 876543210000, 1
3, 2, 876543210000, 1
3, 6, 876543210000, 1
4, 1, 876543210000, 1
4, 5, 876543210000, 1
4, 7, 876543210000, 1
5, 2, 876543210000, 1
5, 4, 876543210000, 1
5, 6, 876543210000, 1
5, 8, 876543210000, 1
6, 3, 876543210000, 1
6, 5, 876543210000, 1
6, 9, 876543210000, 1
7, 4, 876543210000, 1
7, 8, 876543210000, 1
8, 5, 876543210000, 1
8, 7, 876543210000, 1
8, 9, 876543210000, 1
9, 6, 876543210000, 1
9, 8, 876543210000, 1
